-6.23285
-7.30966
-17.001
12.073
-13.4116
-10.899
3.09952
-8.02754
2.38165
2.02271
14.5855
-26.6923
33.6092
-19.5135
22.1232
-5.51498
10.2783
39.7112
22.1232
37.1986
40.788
42.5827
32.5324
44.3773
45.0952
27.8662
28.5841
51.915
36.8397
21.7643
56.9402
37.9165
60.8885
63.401
47.6078
51.5561
42.5827
38.9933
26.4305
30.3788
32.5324
22.8411
17.457
48.6846
-20.2314
21.0464
23.9179
-7.6686
13.5087
-5.15604
23.9179
-23.1029
7.76571
-17.001
21.7643
-3.36135
24.9947
10.2783
-39.614
20.3285
6.6889
-7.30966
2.38165
2.38165
5.61209
12.073
10.2783
-23.1029
-4.07922
5.61209
12.073
-8.02754
-13.0527
21.7643
-20.9493
1.66378
36.8397
-33.5121
18.5338
1.30484
-35.3068
43.6595
8.84253
-10.5401
36.4807
-15.9242
-8.74541
76.3228
-48.2285
-44.9981
29.302
-45.716
-19.8725
58.3759
11.3551
-21.6672
3.09952
-0.48985
-20.9493
8.12465
46.8899
-51.459
-28.8459
-19.5135
-18.7957
24.6358
34.686
-63.3039
30.3788
-2.28454
-32.7942
79.5532
10.6372
-3.72029
23.9179
-43.5624
-35.6657
55.8633
67.3493
-12.6937
27.1483
-14.8474
-20.2314
19.2517
37.5575
42.9416
44.7363
-69.7648
-19.5135
73.8102
6.6889
-34.9479
16.3802
37.9165
-28.8459
-74.431
69.8619
-37.1015
38.2754
10.9962
-78.0204
2.38165
-85.1991
-56.1252
12.073
13.1498
-12.6937
-69.4059
-111.043
-56.843
31.0967
67.3493
-0.130912
-44.2802
-70.8416
-120.016
12.7908
91.0392
-5.87391
-48.9464
-60.4324
-37.8194
7.76571
-8.02754
56.5812
8.48359
-22.385
-39.973
16.0213
-41.7677
16.3802
-8.74541
2.02271
24.2768
-46.4339
-57.9199
19.6107
77.0407
23.9179
40.429
14.5855
-75.5078
-103.146
58.3759
142.008
160.673
-3.00241
-145.86
-84.4812
-44.9981
-28.128
19.2517
58.3759
-33.5121
-65.4575
44.0184
4.89421
12.7908
114.729
47.2488
-14.4884
-27.0512
12.7908
17.0981
-7.6686
17.0981
-36.0247
20.6875
32.5324
61.6063
-19.1546
-23.1029
-0.130912
-94.1726
12.4319
55.8633
71.6566
14.9445
-2.64348
-90.2242
-62.586
35.4039
45.0952
-4.07922
31.8145
-52.8947
-94.5315
-15.5652
91.7571
93.5518
55.8633
-30.2817
-55.0484
-60.4324
-58.2788
57.658
82.7837
60.5295
39.7112
33.9682
-75.8667
-142.988
19.6107
14.9445
58.7348
180.056
104.679
-114.632
-126.836
-114.632
24.9947
110.422
143.803
36.4807
-72.9952
-178.882
-63.6629
-82.6866
46.8899
130.522
212.001
142.008
-122.17
-141.193
-111.76
-122.17
60.5295
159.596
212.36
165.698
-95.9672
-208.315
-121.093
-35.6657
5.61209
-37.8194
21.0464
10.6372
89.6035
-53.2537
-99.9155
2.02271
88.8856
54.0687
-10.899
7.76571
-10.899
-55.4073
-189.291
27.1483
49.7614
114.37
191.542
86.373
44.3773
-34.9479
-154.115
-151.603
-28.8459
78.4764
141.29
174.672
102.884
-25.2565
-166.319
-152.32
-140.834
-69.0469
103.961
201.233
96.4233
-20.9493
-151.244
-115.709
-113.196
7.76571
158.519
235.691
175.39
98.218
-103.505
-154.474
-202.213
-130.066
5.25315
88.8856
134.471
92.475
14.5855
-43.5624
-111.76
-65.8165
-71.2005
-66.1754
13.1498
119.395
70.2208
149.905
155.648
134.471
-141.552
-235.594
-102.428
-11.258
49.7614
36.1218
42.2237
95.7054
-73.3542
-186.778
62.3242
66.2725
184.722
106.474
105.038
-71.2005
-110.325
-168.832
-41.0498
-102.428
-13.0527
75.9638
84.9373
63.76
68.7851
72.3745
-117.862
-192.521
-38.8962
26.0715
41.8648
12.4319
30.3788
34.3271
-122.529
-142.27
-84.1223
-21.3082
92.475
200.515
139.855
66.6315
-129.348
-85.1991
-123.605
-54.3305
-40.3319
9.20146
97.1412
86.732
16.7392
-43.2034
-45.357
-41.4087
-33.871
77.3996
107.909
132.317
153.135
14.2266
36.4807
-97.7619
-185.343
-66.5344
0.586962
63.0421
97.5001
141.649
179.697
92.475
-105.659
-222.313
-256.412
-97.403
26.0715
127.292
128.01
57.2991
3.45846
-129.348
-206.161
-63.3039
-59.7145
-0.848788
8.84253
9.20146
-37.4604
-163.806
-196.111
-143.706
-29.5638
75.6049
109.704
111.499
140.932
169.647
17.0981
-57.5609
-148.013
-166.678
-141.911
7.04784
40.788
99.6537
138.419
63.0421
18.8928
-122.17
-176.369
-178.164
-66.1754
31.4556
180.056
206.976
186.158
5.97103
-12.3348
-85.558
-239.542
-118.939
-167.037
-71.9184
-9.10435
53.7097
185.44
175.39
166.057
85.2962
-63.3039
-108.171
-85.917
-91.66
-33.1532
35.4039
68.4262
115.447
143.085
71.6566
101.807
-93.0957
-101.351
-87.7117
-110.325
-104.941
-45.716
25.3537
51.915
23.2
-91.66
-132.22
-173.498
-201.495
-16.2831
11.3551
11.714
54.7865
28.2252
-0.130912
-124.323
-45.357
-153.038
-60.0735
-222.672
-90.9421
-42.8445
37.5575
154.93
84.5783
60.5295
-24.1797
-80.174
-194.675
-182.83
-208.674
-168.832
-88.4295
73.8102
182.927
225.282
154.212
37.5575
-33.1532
-203.649
-229.133
-148.372
-207.597
-134.732
-7.30966
160.673
262.611
201.233
145.239
96.0643
-13.4116
-120.734
-200.418
-106.017
-59.7145
73.8102
131.958
59.4527
89.6035
85.2962
112.217
0.945901
-30.9995
28.5841
10.2783
40.788
-5.87391
-21.3082
-28.8459
-7.6686
-14.1295
24.6358
79.1943
132.317
182.209
246.459
156.007
-22.0261
-81.6097
-185.343
-90.9421
-89.5064
-26.3334
49.7614
130.163
144.162
95.7054
26.0715
47.9667
-14.8474
-198.623
-247.08
-151.244
-132.579
5.61209
103.602
198.003
173.236
144.521
38.9933
-76.9435
-81.6097
-150.526
-207.238
-88.7885
11.3551
64.8368
54.0687
143.803
174.313
101.807
111.858
-25.9744
-94.8904
-115.709
-146.936
-82.3276
-60.7914
-35.3068
84.5783
131.958
159.596
162.109
120.472
64.1189
-58.2788
-64.0218
-244.208
-121.811
18.5338
23.9179
170.005
141.29
88.1677
121.549
99.6537
25.3537
-30.9995
-88.7885
-174.216
-138.681
-67.9701
-12.6937
136.983
56.5812
117.96
66.6315
58.017
-14.8474
-71.2005
-182.471
-149.09
-55.0484
-97.044
-1.56666
23.9179
99.6537
115.088
68.0672
69.144
9.91934
30.7377
-24.1797
-114.273
-114.273
-117.862
-12.3348
14.5855
78.8353
134.83
189.029
134.471
92.116
-16.642
-101.71
-184.625
-172.78
-125.759
-94.5315
32.1735
117.601
192.977
171.441
125.497
-39.2551
-38.1783
-57.5609
-58.2788
-175.651
-81.9687
-56.843
-4.7971
106.115
123.703
130.522
77.0407
19.9696
-91.301
-70.4827
-75.1489
-61.5092
-66.8933
2.02271
2.38165
74.887
-26.6923
96.0643
129.804
101.807
-49.3054
88.8856
-90.2242
16.3802
-41.7677
-41.7677
-26.6923
46.172
-21.3082
114.37
98.9358
102.525
64.8368
47.9667
-20.5904
1.30484
-54.6894
-43.9213
-97.403
-185.343
-209.033
-5.15604
93.1929
176.107
191.542
252.92
166.775
-58.2788
-61.8682
-247.798
-295.178
-253.182
-178.164
-14.1295
115.447
142.367
203.387
158.878
127.651
-57.202
-14.1295
-141.911
-196.47
-131.861
-88.7885
-7.6686
97.5001
138.778
122.985
56.5812
89.6035
76.3228
-57.202
-28.128
-78.7382
4.17634
-116.427
-25.2565
32.8913
134.83
100.731
38.9933
77.0407
26.0715
20.3285
-14.4884
-6.59179
-169.908
-55.0484
-111.402
-20.2314
-5.51498
4.17634
60.1706
38.9933
103.602
64.1189
-10.1812
-18.0778
-41.7677
-65.8165
-1.56666
-122.17
-18.7957
21.0464
89.6035
108.268
79.5532
87.8088
91.7571
14.2266
0.228024
-54.6894
-207.956
-46.7928
-92.0189
-17.3599
88.8856
106.474
121.19
151.7
125.856
125.138
-83.7634
-157.346
-363.376
-113.555
-205.443
-108.53
49.0435
117.242
143.803
122.267
35.7628
44.0184
19.9696
61.9653
-117.503
-214.776
-145.86
-93.4547
-69.7648
32.5324
68.4262
134.471
61.2474
125.138
121.19
41.8648
-113.914
-183.548
-237.748
-8.74541
-1.20772
49.7614
43.6595
46.531
76.6817
98.218
54.7865
55.1455
78.8353
-86.6349
-206.161
-55.4073
-96.3262
-98.4798
59.8117
124.42
123.344
141.29
83.1426
53.7097
-65.4575
-168.114
-112.478
-68.329
-23.8208
-52.1769
33.6092
130.163
166.057
159.955
91.7571
80.989
-5.51498
2.02271
-64.3807
-279.025
-34.23
-94.8904
20.3285
26.4305
84.2194
108.268
47.2488
33.6092
39.7112
-78.3793
-68.688
-159.858
-177.087
-140.117
13.1498
80.989
104.679
167.134
114.729
96.4233
24.2768
-96.3262
-84.4812
-209.033
-173.139
-14.8474
47.6078
119.036
54.0687
167.493
157.802
27.5073
-45.357
-9.46329
-46.4339
-73.3542
-109.966
-29.5638
-34.5889
109.345
120.831
106.832
100.013
8.48359
-62.2271
11.3551
-39.2551
-45.716
14.2266
-72.2774
-28.128
-10.1812
-16.2831
73.0923
-3.36135
45.8131
55.8633
52.274
42.5827
-135.091
-10.5401
-23.8208
-88.4295
11.3551
33.6092
54.7865
73.8102
-3.36135
106.832
81.3479
30.0198
61.6063
17.816
-23.1029
-103.505
-106.017
-87.3527
24.9947
21.0464
55.8633
159.596
166.057
62.6832
83.5015
-50.3822
-153.397
-266.463
-165.96
-131.502
-78.7382
26.4305
157.443
137.701
132.676
121.549
38.9933
43.6595
-71.2005
-249.951
-315.637
-158.422
-102.787
88.8856
93.5518
131.958
142.367
106.474
103.243
62.6832
-39.2551
-238.107
-231.646
-177.446
-105.659
-66.8933
4.89421
142.367
201.951
192.977
167.134
107.909
136.983
-77.6614
-83.4044
-291.588
-279.743
-178.523
-116.786
-3.00241
128.728
206.258
226
215.591
162.468
33.2503
-63.6629
-115.35
-114.991
-218.006
-189.291
-47.1517
8.12465
149.546
156.366
167.852
142.726
101.089
60.8885
41.5058
11.3551
-243.849
-204.007
-204.366
-33.871
14.9445
86.0141
144.88
111.858
-3.72029
104.679
32.5324
-116.427
-114.273
-84.4812
-235.594
57.658
-46.0749
77.7585
117.601
148.469
143.444
117.242
17.457
51.1972
43.3005
-32.4353
-114.632
-194.675
-69.0469
-149.09
13.1498
34.686
46.8899
126.933
145.239
79.1943
103.961
-35.3068
-61.8682
-116.427
-170.267
-0.130912
-18.0778
91.0392
103.961
89.6035
45.8131
19.2517
-52.8947
76.6817
21.0464
-27.4102
-62.945
-176.369
-105.3
-99.5566
66.6315
84.5783
134.112
45.4542
-21.3082
102.166
93.1929
-13.0527
-77.3025
-145.142
-185.343
-32.7942
15.6623
126.574
105.038
133.035
140.573
154.212
-57.9199
-74.7899
-141.911
-160.935
-115.709
1.66378
154.93
108.627
40.429
18.8928
-103.505
-30.2817
-51.1
-41.4087
61.6063
-33.5121
8.48359
-23.1029
61.9653
-6.59179
12.4319
-6.59179
-48.9464
42.9416
66.6315
-48.9464
26.0715
42.2237
8.84253
10.2783
-34.23
-228.056
-8.02754
-25.6155
-76.9435
45.0952
131.24
71.6566
60.5295
-23.1029
36.1218
37.1986
-99.5566
-40.6909
-50.3822
-19.1546
-14.1295
15.6623
22.4822
90.6803
61.2474
59.0938
85.2962
-51.459
-71.9184
-132.938
-201.495
-74.7899
37.1986
124.42
119.036
126.574
157.802
59.8117
39.3522
15.6623
-94.8904
-192.521
-97.044
-94.5315
-55.4073
-37.8194
9.5604
37.9165
74.5281
40.0701
43.6595
86.0141
165.339
158.519
125.856
-137.245
-212.622
-219.442
-299.126
-164.883
-131.861
17.0981
145.239
168.929
184.363
175.748
127.651
89.6035
52.9918
-109.248
-318.867
-153.397
-231.646
-27.4102
-149.808
-26.3334
-15.5652
62.3242
133.753
134.83
164.621
169.288
159.955
129.446
11.714
-258.925
-329.636
-235.594
-130.425
-132.22
-60.0735
19.6107
86.732
161.032
243.947
272.303
229.948
194.413
130.881
-84.4812
-262.155
-185.343
-291.588
-170.985
-117.503
-83.4044
25.7126
86.732
168.57
228.153
245.382
202.31
194.772
120.472
-60.7914
-183.189
-316.714
-170.267
-159.858
-24.1797
58.7348
74.887
114.011
159.237
176.825
174.672
184.363
162.468
-9.46329
-204.007
-308.458
-279.025
-178.164
-88.0706
17.0981
63.76
118.318
138.419
189.747
98.9358
68.4262
58.017
-152.32
-263.232
-197.547
-163.447
-115.35
-19.5135
21.4053
52.9918
60.8885
147.751
176.825
177.902
3.8174
50.1203
-127.554
-155.551
-136.527
-184.266
-76.2257
-4.7971
66.6315
117.96
184.363
244.306
188.67
56.5812
20.6875
-203.29
-237.03
-151.244
-152.679
-60.0735
2.38165
142.008
118.318
136.265
68.0672
110.422
19.6107
51.5561
6.6889
-100.992
-162.73
-115.709
-64.3807
20.3285
149.187
188.311
169.647
139.137
111.499
49.4025
-127.554
-17.001
-267.898
-163.447
-154.474
-42.1266
83.1426
128.369
210.924
190.824
59.0938
39.7112
-17.001
-113.914
-120.734
-167.755
-53.9715
65.5547
41.8648
180.415
159.237
22.1232
40.0701
20.3285
5.61209
23.2
-37.8194
-184.625
-270.411
-77.6614
-49.6643
44.7363
88.8856
1.30484
15.6623
-26.3334
29.302
86.373
81.3479
58.3759
72.3745
-68.688
-137.963
-75.1489
-259.284
-240.619
-78.0204
0.586962
59.8117
105.756
169.647
146.675
129.446
137.701
103.961
54.7865
-48.9464
-258.566
-281.179
-210.109
-171.703
-107.094
-25.2565
79.9122
166.775
203.387
248.254
156.725
159.596
153.853
51.5561
-253.182
-296.254
-329.995
-273.641
-185.343
-74.072
34.3271
129.446
166.057
237.845
241.793
196.208
193.695
172.518
126.933
14.9445
-310.253
-421.524
-144.065
-112.837
-145.142
-116.427
12.4319
50.8382
78.1175
93.1929
93.1929
103.961
143.803
77.0407
44.3773
-58.6377
-76.5846
-175.651
-209.75
-102.787
-48.2285
-3.36135
56.5812
79.9122
97.859
83.8605
73.8102
103.243
100.013
103.243
60.8885
-195.393
-155.551
-90.2242
-56.4841
-73.3542
5.61209
97.859
78.4764
95.3465
114.37
88.5267
69.144
42.9416
-55.7662
-243.849
-148.372
12.4319
-47.5107
-81.6097
-17.001
45.8131
74.1692
79.9122
122.267
82.7837
88.5267
88.1677
73.0923
53.7097
-23.1029
-296.972
-68.688
-120.375
-42.8445
-49.6643
-51.459
-14.8474
31.0967
87.0909
129.804
122.985
118.677
114.729
130.522
55.8633
-16.2831
-143.347
-247.798
-165.96
-69.0469
-48.5875
2.74059
61.6063
9.91934
36.4807
70.2208
110.422
164.98
153.135
-48.9464
-146.936
-108.171
-205.802
-154.115
-92.7368
132.317
149.187
126.933
42.5827
64.4778
46.172
96.0643
112.934
28.943
-18.7957
-88.4295
-196.111
-193.598
-148.731
-1.56666
130.522
110.422
68.0672
2.38165
66.2725
94.9875
86.732
54.0687
28.2252
-74.431
-69.4059
-113.555
-130.425
-38.8962
80.989
111.14
49.4025
47.9667
83.8605
55.1455
21.7643
2.38165
-123.605
-213.34
-79.815
-76.2257
70.2208
-9.46329
93.9107
141.29
81.3479
29.302
5.61209
-28.487
32.1735
-108.53
-173.139
-81.9687
-24.8976
56.9402
109.345
48.3257
87.8088
37.5575
39.7112
86.0141
1.30484
12.7908
-84.4812
-203.29
-200.059
-190.368
-25.6155
101.807
14.2266
86.732
110.063
144.521
134.471
98.218
67.3493
13.8677
-24.8976
-201.854
-330.712
-181.035
-136.527
-70.1237
56.2223
141.29
54.4276
103.243
87.4498
122.626
117.242
63.0421
94.2697
74.5281
16.7392
-177.446
-207.956
-211.904
-184.984
-124.682
-44.6392
86.732
144.88
149.905
130.163
96.4233
94.9875
129.804
131.599
98.5769
21.4053
-93.0957
-370.196
-408.243
-273.641
-198.623
-150.167
-24.8976
144.521
210.924
200.874
231.025
179.338
144.88
115.447
68.7851
148.11
146.675
-111.043
-318.509
-303.433
-279.384
-189.291
-130.066
-71.5595
-0.130912
50.8382
118.318
152.418
152.059
128.728
94.6286
116.165
94.6286
101.807
58.7348
-193.598
-267.539
-299.844
-234.158
-150.167
-22.385
-8.74541
75.6049
136.624
213.078
224.205
205.181
191.542
241.075
230.307
134.112
-44.2802
-263.232
-290.87
-330.712
-306.664
-186.778
-97.7619
-112.119
-9.10435
92.8339
120.113
125.138
201.951
274.097
230.307
184.363
100.013
33.9682
-244.926
-335.738
-191.086
-283.333
-188.573
-78.3793
32.1735
110.063
156.007
223.487
205.54
182.209
118.318
122.267
67.3493
-10.1812
-359.427
-347.582
-172.062
-225.544
-48.2285
-0.130912
100.372
134.83
115.447
128.369
179.338
160.673
79.1943
-95.6083
-234.517
-289.794
-206.879
-105.3
-40.3319
55.1455
81.7068
154.212
140.573
153.853
137.701
89.2445
96.4233
-64.7397
-232.005
-207.597
-51.459
-146.218
-62.586
71.2977
117.242
104.679
165.339
153.494
142.726
129.446
39.3522
-88.4295
-249.234
-216.211
-183.548
-103.864
-17.001
46.172
126.574
143.444
87.4498
111.14
111.14
146.316
90.6803
-7.30966
-170.267
-335.02
-228.774
-149.09
-61.8682
-37.8194
54.4276
159.955
140.214
140.214
137.342
122.267
65.9136
102.884
59.0938
-44.6392
-253.541
-290.152
-205.443
-190.009
-3.36135
6.32996
64.4778
131.599
168.57
170.723
232.102
189.029
77.3996
70.5798
46.8899
-101.71
-482.184
-259.643
-222.672
-151.603
40.788
126.933
141.29
178.261
142.367
181.85
135.189
141.649
106.474
134.83
7.40678
-291.588
-326.405
-175.292
-193.957
-107.453
1.66378
82.4247
114.729
79.9122
90.6803
88.5267
96.0643
94.2697
72.3745
25.3537
-112.478
-162.73
-210.109
-134.015
-62.586
-47.1517
14.2266
56.2223
80.63
85.2962
81.7068
81.7068
90.3213
53.7097
94.6286
30.0198
81.3479
99.2948
-80.174
-240.978
-149.449
-250.669
-272.923
-171.344
-51.8179
9.91934
99.2948
138.06
156.366
145.957
140.214
143.803
159.596
125.497
56.2223
29.302
-112.478
-179.959
-181.394
-346.506
-302.356
-149.808
0.228024
82.0658
131.24
161.032
150.623
130.522
120.113
105.397
72.7334
33.6092
-20.5904
-48.9464
-54.3305
-107.094
-90.5832
-246.721
-142.629
-129.348
-100.633
-48.9464
25.3537
65.9136
94.9875
148.828
162.468
172.518
121.19
86.373
58.7348
41.8648
18.1749
12.7908
-134.374
-223.39
-287.64
-269.693
-97.7619
-42.1266
-48.2285
27.5073
59.0938
134.112
154.212
191.901
175.748
194.054
147.392
193.336
248.613
20.3285
16.3802
-63.6629
-231.646
-328.2
-364.453
-374.862
-285.486
-89.5064
35.7628
98.218
196.926
223.846
209.13
204.822
215.949
168.57
47.2488
-35.6657
-135.809
-159.858
-126.118
-214.058
-181.753
-174.933
-47.5107
59.0938
87.8088
189.388
183.645
136.265
82.4247
51.915
9.20146
-78.3793
-39.973
-60.7914
-27.7691
-9.10435
-12.3348
-24.5387
-66.5344
19.2517
4.53528
-33.5121
93.1929
75.6049
-57.9199
-41.4087
-71.2005
31.8145
-52.1769
5.97103
59.4527
52.274
132.676
178.62
120.831
134.471
90.3213
48.6846
-80.8919
-234.158
-154.474
-136.527
-134.015
-88.0706
-19.8725
44.7363
77.7585
92.475
180.415
130.522
79.9122
33.9682
-104.941
-209.391
-168.114
-91.301
-93.4547
-34.9479
49.7614
88.5267
147.033
147.033
149.905
153.494
76.6817
-58.6377
-150.526
-248.875
-206.161
-163.089
-66.1754
-5.15604
85.2962
121.908
147.033
139.137
145.957
122.626
59.4527
48.6846
14.9445
-56.4841
-156.269
-371.272
-123.605
-141.552
-143.347
-0.130912
64.8368
129.087
138.778
134.471
121.549
87.8088
49.4025
56.2223
51.1972
44.7363
20.3285
-43.2034
-164.883
-339.327
-206.879
-257.489
-165.242
-93.8136
19.2517
80.63
124.779
114.011
111.14
98.218
112.934
73.0923
46.531
91.3982
146.316
36.4807
61.6063
-154.115
-130.784
-196.111
-175.292
-226.621
-133.656
-20.9493
93.9107
132.317
145.957
147.751
116.883
121.908
151.341
128.728
86.0141
28.5841
49.4025
-19.5135
-232.363
-224.108
-208.315
-146.936
-141.911
-63.3039
4.89421
83.1426
117.242
81.7068
83.1426
55.1455
98.9358
95.3465
65.5547
109.704
119.754
121.549
59.0938
-66.8933
-183.189
-260.002
-192.162
-170.626
-175.651
-66.1754
-25.9744
-10.1812
67.3493
101.448
109.704
94.6286
82.0658
76.3228
50.1203
42.5827
47.2488
65.9136
24.9947
45.4542
14.2266
15.6623
-187.496
-173.139
-81.9687
-95.2494
-127.195
-98.8387
-65.4575
-25.9744
25.7126
91.7571
108.986
125.856
136.983
127.651
112.217
61.6063
23.559
23.559
35.045
0.586962
-18.4367
-86.2759
-60.4324
-60.0735
-169.908
-193.598
-89.1474
-12.3348
-98.4798
-28.8459
-23.8208
58.3759
35.4039
57.658
77.3996
54.0687
72.0155
74.5281
68.0672
50.8382
40.788
27.5073
41.5058
9.20146
-52.8947
-151.961
-127.554
-204.725
-26.6923
-23.8208
-28.128
23.559
47.2488
73.4513
106.832
78.8353
76.6817
14.5855
0.586962
39.3522
15.6623
-24.1797
-38.8962
-34.5889
-53.6126
-114.632
-113.555
-89.5064
-128.272
-52.8947
59.8117
88.1677
68.0672
103.961
82.4247
109.345
90.6803
70.9387
47.6078
40.429
28.5841
-46.7928
-47.8696
-75.8667
-64.0218
-141.911
-176.728
-130.066
18.5338
35.045
21.0464
64.1189
98.218
108.268
75.6049
51.915
65.9136
54.4276
80.2711
25.7126
-9.10435
-38.1783
-94.1726
-186.419
-166.319
-72.2774
-65.4575
-9.10435
102.525
143.803
183.645
60.5295
18.1749
33.9682
26.0715
-5.15604
7.40677
-40.6909
-108.889
-128.272
-149.09
-154.474
-65.0986
-15.2063
-10.899
84.2194
65.5547
122.626
190.824
170.723
109.704
83.8605
18.1749
-19.8725
-53.9715
-188.573
-184.625
-139.399
-50.7411
36.4807
47.9667
81.3479
112.217
122.626
67.3493
25.7126
10.9962
-53.2537
-88.4295
-84.4812
-56.4841
-184.625
-85.1991
-113.196
-124.682
-23.4619
92.8339
95.3465
156.366
106.474
116.883
83.1426
68.4262
60.1706
85.2962
104.679
86.0141
32.5324
-17.7189
2.38165
-125.041
-255.336
-246.721
-234.158
-171.703
-73.3542
13.5087
69.8619
64.8368
89.9624
121.19
133.394
159.237
135.906
63.76
14.2266
-39.2551
-22.0261
70.5798
62.3242
8.84253
-183.907
-197.547
-148.372
-162.371
-116.786
4.89421
82.0658
58.7348
102.525
77.7585
39.3522
7.76571
27.5073
87.8088
69.8619
108.268
102.884
75.6049
27.1483
-52.8947
-92.7368
-112.119
-205.802
-221.236
-182.471
-211.186
-155.551
-19.1546
97.5001
105.756
168.211
145.957
111.14
88.8856
80.2711
68.4262
45.4542
43.6595
35.045
30.3788
45.4542
46.8899
41.5058
4.53528
-144.065
-225.185
-189.65
-222.672
-212.263
-122.529
-79.4561
-3.36135
65.1957
84.9373
84.2194
74.1692
70.5798
72.0155
74.5281
128.01
124.779
77.0407
113.293
89.9624
-19.5135
-29.9227
-131.861
-99.9155
-248.875
-219.442
-164.883
-89.1474
-46.7928
28.2252
63.401
91.0392
100.731
116.883
111.858
100.731
77.0407
72.3745
63.76
38.2754
67.3493
82.4247
45.4542
54.4276
-241.696
-226.262
-197.547
-181.035
-168.473
-65.4575
-45.357
-34.5889
-9.46329
-4.43816
58.017
79.9122
90.6803
110.781
130.163
166.775
150.623
106.832
66.2725
36.4807
77.0407
85.2962
-113.555
-156.628
-238.465
-207.597
-187.137
-125.4
-67.2522
24.9947
58.3759
61.6063
78.8353
96.0643
94.6286
163.904
194.413
225.641
171.082
117.96
106.832
8.12465
-182.83
-200.418
-215.134
-283.333
-229.492
-132.22
-39.973
6.32996
92.116
106.474
108.986
117.96
101.448
88.1677
74.5281
63.401
81.7068
105.756
58.7348
82.4247
-6.59179
-61.8682
-117.862
-179.241
-213.34
-196.111
-161.653
-120.375
-47.5107
23.2
80.989
56.5812
54.7865
75.9638
93.9107
120.831
93.1929
128.01
101.807
41.8648
-5.51498
-67.6112
-142.988
-151.244
-82.3276
-56.843
-47.5107
3.8174
-15.9242
30.3788
36.1218
63.76
114.011
93.1929
35.7628
11.3551
2.74059
9.91934
-33.1532
-74.7899
-92.7368
-257.13
-224.467
-1.56666
44.3773
88.5267
108.627
88.1677
82.7837
58.017
61.6063
78.4764
62.3242
33.9682
24.2768
16.3802
2.02271
-6.95073
-17.3599
7.40678
-17.001
-166.319
-176.01
-131.861
-80.5329
-26.6923
40.429
60.5295
41.1469
63.0421
68.7851
54.4276
55.1455
94.2697
79.1943
55.5044
26.7894
-1.20772
9.20146
-15.2063
-23.1029
-39.2551
-139.758
-141.193
-172.062
-139.758
-76.9435
-43.5624
3.09952
24.2768
96.0643
119.754
125.497
137.701
129.087
126.933
127.292
92.8339
68.0672
-14.8474
-17.7189
-182.83
-193.239
-156.628
-168.832
-136.527
-116.427
-44.2802
36.1218
67.7083
78.8353
86.732
141.29
137.701
141.649
91.7571
37.1986
-11.9758
-5.15604
-80.8919
-128.631
-214.058
-117.145
-83.7634
-58.6377
-57.202
7.76571
38.6343
91.3982
112.217
135.547
106.832
31.8145
24.2768
56.5812
47.2488
17.0981
-0.130912
-6.95073
33.2503
-58.9967
-132.579
-159.14
-155.551
-100.992
-53.2537
1.66378
64.1189
77.0407
89.9624
61.2474
66.9904
58.017
79.9122
77.3996
24.9947
9.91934
-43.2034
-68.329
-71.5595
-72.2774
-161.294
-108.53
-87.7117
-27.7691
44.0184
88.8856
115.447
122.267
65.9136
37.1986
46.172
37.1986
32.8913
49.4025
12.073
0.586962
5.25315
27.1483
35.4039
-60.0735
-152.679
-168.832
-161.294
-151.244
-132.938
-46.7928
46.172
82.7837
136.983
94.6286
119.036
124.42
109.704
110.422
90.6803
42.9416
46.172
57.658
48.6846
18.1749
14.9445
18.1749
60.1706
20.6875
-163.806
-251.387
-261.796
-215.134
-164.883
-38.8962
68.0672
79.9122
98.9358
105.397
100.372
61.2474
55.8633
12.4319
13.5087
21.0464
27.1483
16.7392
-13.0527
34.686
27.1483
28.5841
18.5338
-1.9256
-178.164
-148.372
-202.572
-140.834
-56.4841
-33.5121
66.2725
102.525
115.447
112.934
105.397
60.8885
39.7112
14.2266
44.3773
54.4276
41.8648
42.2237
71.6566
56.2223
46.531
-21.3082
-39.973
-78.7382
-207.238
-228.056
-144.065
-102.428
-10.1812
13.5087
2.74059
12.073
39.3522
58.3759
59.8117
61.2474
75.246
69.144
62.6832
56.2223
70.2208
58.7348
28.943
41.8648
57.658
68.4262
71.2977
56.2223
-20.2314
-87.7117
-284.768
-249.951
-189.65
-170.267
-135.809
-36.7425
-37.4604
53.7097
91.7571
82.0658
74.887
72.3745
64.1189
65.1957
64.8368
52.274
56.5812
44.7363
79.1943
96.0643
59.0938
37.9165
-0.48985
17.0981
-5.87391
-45.716
-176.728
-212.622
-130.425
-162.012
-212.622
-122.888
-77.6614
28.2252
72.7334
99.6537
119.754
110.063
100.013
109.704
124.779
81.3479
74.1692
82.0658
82.4247
45.0952
8.48359
-66.5344
-114.273
-164.883
-202.213
-135.809
-78.3793
-3.36135
-8.74541
-15.9242
-32.0764
-9.46329
44.0184
71.6566
87.0909
97.1412
94.2697
91.0392
78.4764
70.2208
54.7865
40.429
38.6343
26.4305
18.1749
5.97103
-9.46329
-14.4884
-16.642
-70.4827
-99.5566
-141.552
-100.274
-83.7634
-91.66
-86.6349
-123.964
-74.072
-39.614
19.2517
39.3522
70.2208
86.732
91.3982
83.1426
90.6803
87.4498
75.246
49.7614
39.7112
3.45846
54.0687
102.166
104.679
19.2517
-51.1
-172.421
-263.591
-214.776
-183.189
-160.935
-74.7899
-22.0261
27.8662
28.2252
82.7837
93.1929
85.2962
97.859
87.0909
76.6817
54.7865
18.8928
19.2517
26.7894
60.8885
24.6358
-16.2831
-74.072
-73.7131
-42.4855
-86.9938
-86.6349
-88.0706
-37.4604
-34.9479
3.09952
56.5812
77.7585
81.7068
82.4247
73.0923
37.5575
15.6623
27.1483
21.0464
24.9947
-39.973
-73.7131
-117.145
-30.2817
40.0701
50.1203
33.6092
-18.0778
-39.2551
-51.8179
-25.9744
-3.00241
21.4053
5.61209
13.8677
-11.6169
10.6372
22.8411
45.0952
31.4556
26.7894
1.66378
-33.5121
-45.716
28.2252
36.1218
31.8145
45.4542
15.3034
52.274
50.1203
48.3257
17.457
-5.51498
-21.6672
-48.2285
-101.71
-62.945
-37.8194
-36.3836
-78.7382
-88.0706
-89.8653
-44.9981
23.9179
104.32
111.499
102.884
116.524
105.397
85.6552
79.5532
43.6595
25.3537
26.4305
27.5073
6.32996
-10.5401
-25.9744
-49.6643
-90.9421
-109.248
-117.503
-121.452
-145.86
-134.374
-128.272
-18.7957
38.9933
105.397
110.422
128.728
114.011
87.8088
111.14
101.448
63.0421
23.2
21.7643
18.8928
7.04784
28.5841
31.4556
13.5087
3.8174
16.7392
18.1749
-76.9435
-117.503
-98.1209
-136.886
-200.418
-145.86
-86.9938
-27.0512
41.1469
34.3271
64.1189
78.8353
70.2208
34.686
24.6358
27.1483
17.457
10.9962
29.6609
16.0213
47.9667
83.8605
102.525
75.6049
63.76
17.816
-0.130912
-34.5889
-23.1029
-22.744
-136.168
-163.089
-135.45
-148.372
-51.1
17.816
61.2474
92.475
80.2711
47.9667
34.3271
27.8662
15.6623
-4.43816
-29.5638
-14.4884
13.8677
67.3493
43.6595
44.7363
83.5015
13.8677
-50.0232
17.816
27.1483
30.3788
-90.5832
-114.273
-184.266
-161.294
-105.659
-24.1797
18.5338
56.2223
74.1692
60.1706
47.2488
36.8397
39.3522
33.9682
24.2768
33.2503
41.8648
51.1972
57.658
70.9387
92.475
102.525
-34.23
-75.5078
-37.4604
10.2783
-63.6629
-129.707
-142.27
-140.834
-111.043
-17.001
41.1469
55.8633
75.9638
71.6566
59.8117
38.2754
25.7126
28.5841
26.0715
29.6609
28.943
27.1483
28.2252
27.8662
12.4319
-17.3599
-28.8459
-47.8696
-31.3585
-19.5135
-23.4619
14.2266
6.6889
-63.6629
-72.9952
-90.9421
-67.9701
-82.3276
-6.95073
46.531
57.2991
74.5281
75.9638
82.4247
63.0421
55.5044
46.531
39.3522
33.9682
29.302
29.6609
28.943
31.4556
27.1483
21.4053
17.816
15.6623
16.3802
17.0981
20.3285
25.7126
27.5073
37.1986
31.0967
23.9179
51.915
91.0392
56.9402
-1.9256
-51.459
-33.1532
-35.6657
-42.8445
-23.4619
10.6372
17.457
-16.642
-44.6392
-46.7928
-65.0986
-57.202
-26.6923
17.0981
56.5812
66.9904
55.8633
27.8662
7.40678
11.714
24.2768
24.6358
19.6107
24.2768
38.6343
53.3508
35.4039
14.5855
14.5855
38.6343
63.0421
86.0141
98.218
10.9962
-20.9493
6.32996
20.6875
-7.30966
-17.3599
2.74059
6.32996
17.0981
-12.3348
-14.1295
-88.7885
-119.298
-112.119
-83.7634
-32.4353
9.5604
11.714
0.228024
-9.10435
-8.02754
-17.3599
-24.5387
-13.7705
0.586962
1.66378
0.228024
5.25315
10.2783
12.7908
10.2783
16.7392
17.0981
10.9962
-2.64348
-15.9242
4.17634
42.5827
89.9624
82.0658
3.8174
-52.5358
-38.8962
-43.9213
-48.9464
-27.0512
11.714
24.2768
13.1498
-23.1029
-94.8904
-112.119
-109.607
-99.5566
-45.716
-25.2565
26.7894
42.9416
27.8662
17.816
7.04784
-11.6169
-3.36135
1.30484
7.04784
11.714
27.1483
21.7643
4.89421
7.40678
15.3034
14.2266
5.25315
-0.130912
-7.6686
-3.72029
-25.2565
-25.2565
-16.2831
-36.7425
-34.9479
-36.3836
15.3034
16.7392
-18.0778
-38.1783
-81.2508
-89.1474
-69.0469
-59.3556
-43.5624
-27.4102
3.8174
16.3802
-1.9256
-14.1295
12.073
16.0213
9.20146
6.6889
6.32996
10.2783
-9.10435
-11.6169
-12.3348
-22.744
-21.6672
-5.87391
10.9962
11.714
-8.74541
-10.1812
-23.1029
-43.9213
-25.6155
-1.9256
-7.6686
-8.74541
-11.9758
-3.36135
4.17634
7.76571
4.17634
-6.59179
1.30484
15.6623
7.04784
-9.46329
9.20146
13.5087
9.5604
14.9445
26.0715
22.8411
7.04784
-9.10435
-17.3599
-25.2565
-42.1266
-65.0986
-61.8682
-55.0484
-7.6686
8.84253
14.9445
-22.744
-45.357
-8.38648
18.1749
23.2
21.4053
7.40678
20.6875
25.7126
21.4053
17.0981
9.5604
7.76571
6.32996
12.7908
10.9962
4.17634
2.38165
-8.02754
26.4305
-7.6686
-9.82222
0.945901
-0.848788
0.945901
11.3551
21.0464
17.457
11.3551
10.2783
7.04784
2.74059
-2.64348
-6.59179
-20.2314
-4.7971
-5.51498
-5.15604
9.5604
24.6358
9.20146
-23.1029
-31.7174
-18.4367
-20.2314
-54.3305
-50.3822
-41.0498
-29.5638
-8.38648
-1.56666
18.8928
18.1749
7.76571
4.89421
-15.9242
-12.6937
-16.642
-10.5401
9.5604
16.3802
10.6372
11.3551
14.2266
21.4053
19.9696
15.3034
16.3802
11.3551
-5.87391
-11.258
-11.9758
-2.28454
-15.5652
-2.64348
2.38165
-7.30966
-17.7189
-24.8976
-23.8208
-20.9493
-1.56666
-1.56666
10.9962
9.20146
7.76571
17.0981
-5.51498
-23.4619
-24.8976
-56.1252
-64.0218
-43.5624
-44.2802
-28.8459
-1.9256
2.02271
25.3537
38.6343
45.4542
51.1972
19.2517
-5.87391
-5.51498
-26.3334
-35.3068
-48.5875
-19.1546
-29.5638
9.20146
19.2517
21.0464
-5.87391
-23.8208
-8.38648
-6.23285
17.0981
40.0701
30.7377
19.2517
26.7894
19.2517
-21.6672
-17.001
-18.7957
-10.5401
-13.7705
0.586962
1.30484
12.073
19.2517
24.9947
26.4305
26.0715
21.4053
17.457
16.0213
11.714
5.97103
1.30484
-3.00241
0.586962
3.09952
8.12465
-6.59179
-21.6672
-10.1812
-15.5652
-9.10435
-28.487
-52.8947
-40.3319
-38.5372
-22.744
10.9962
2.38165
11.3551
33.2503
26.4305
18.1749
6.6889
-1.56666
-11.9758
-28.487
-46.0749
-36.7425
-29.5638
-43.5624
-17.3599
4.89421
-14.4884
-52.1769
-51.459
-18.4367
19.6107
62.6832
83.8605
80.63
65.9136
49.4025
32.5324
19.2517
14.9445
0.945901
-17.3599
-19.1546
-21.3082
-15.2063
5.25315
-9.82222
-14.8474
-18.4367
-36.3836
-73.3542
-48.5875
-48.2285
-36.3836
-28.128
-14.1295
-1.56666
21.0464
30.7377
33.6092
31.4556
26.0715
19.2517
14.9445
6.32996
2.38165
0.586962
3.45846
7.40678
1.66378
-0.130912
0.228024
2.38165
6.6889
12.7908
21.4053
6.32996
-8.02754
31.4556
58.3759
58.7348
65.9136
27.1483
-13.7705
-75.8667
-69.0469
-73.7131
-67.6112
-5.51498
29.6609
26.0715
41.5058
53.3508
40.429
11.3551
-11.258
-21.6672
-14.4884
-12.3348
2.38165
22.8411
-5.15604
-16.2831
2.74059
1.30484
11.714
5.25315
22.1232
15.3034
-6.23285
-8.02754
-16.642
-11.9758
-0.130912
8.84253
19.6107
21.7643
18.1749
12.4319
7.76571
5.25315
4.53528
4.89421
5.61209
6.32996
2.02271
-4.07922
-24.5387
-41.7677
-24.1797
10.6372
24.9947
28.5841
38.2754
33.9682
23.2
18.1749
3.45846
0.228024
-23.8208
-26.6923
-47.8696
-90.2242
-106.735
-72.6363
-43.5624
13.5087
40.788
30.7377
44.0184
40.0701
47.2488
28.2252
9.20146
-4.43816
-9.46329
0.586962
8.12465
7.76571
1.30484
-6.59179
-0.848788
4.89421
-1.20772
-9.82222
11.714
14.2266
19.6107
11.714
7.04784
9.91934
12.4319
16.3802
17.457
15.6623
-2.28454
-32.0764
-61.5092
-67.9701
-24.1797
-0.130912
17.816
27.8662
45.0952
21.0464
-7.30966
-15.2063
