-42.5656
-56.3451
-7.78871
-41.2533
33.5499
147.067
68.3268
26.9882
14.521
-7.78871
7.95932
65.7021
-47.815
-125.243
-26.1614
20.4265
46.6732
-34.0354
5.99081
72.2638
82.1063
65.0459
30.269
-74.7178
-115.4
-176.424
-65.5315
-108.182
100.479
128.694
103.76
110.322
93.9173
24.3635
-125.899
-95.7152
-49.7835
-196.765
-164.613
-61.5945
70.2953
130.663
66.3583
36.8307
88.668
97.8543
28.3005
54.5472
-32.7231
-142.959
-123.274
-144.272
-20.9121
28.9567
58.4842
57.1719
83.4186
78.8255
105.072
155.597
-147.552
-82.5919
-93.0905
-132.461
-83.9042
-65.5315
68.9829
133.287
143.786
127.382
148.379
-139.678
-114.088
-97.6837
-51.752
-32.0669
-33.3793
-34.6916
-11.0696
125.413
154.285
164.127
29.6129
-45.1903
-8.44488
-55.689
-131.804
-77.3425
-38.6286
-26.1614
-39.9409
14.521
65.7021
189.062
-85.8727
-24.1929
-6.47638
-5.82021
5.99081
-49.7835
-49.7835
-61.5945
22.395
-23.5367
24.3635
23.0512
7.30315
64.3898
73.5761
138.537
118.196
72.2638
38.143
33.5499
-130.492
-106.214
-112.776
-87.185
16.4895
29.6129
-9.75722
23.7073
-33.3793
19.1142
105.728
42.7362
-151.49
-129.836
-45.8465
-159.364
-25.5052
-41.2533
-46.5026
15.8333
80.1378
99.8228
122.789
65.7021
62.4213
74.8884
71.6076
45.3609
-25.5052
-67.5
-57.0013
-147.552
-28.1299
5.99081
-112.119
72.9199
55.8596
47.3294
57.1719
95.8858
102.448
44.7047
-49.7835
-206.608
-193.484
-160.676
-0.570865
128.038
142.474
81.4501
118.852
137.881
115.571
-140.335
-97.6837
-179.049
-93.7467
-118.025
-69.4685
-63.563
9.92782
63.7336
-7.78871
98.5105
71.6076
88.0118
44.0486
-28.1299
-3.19554
-64.8753
-41.9094
-76.0302
0.741471
22.395
99.8228
-68.1562
30.9252
46.0171
110.322
57.1719
28.9567
53.2349
15.1772
-100.965
-131.804
-146.24
-91.7782
1.39764
32.8937
7.30315
26.332
57.1719
76.857
103.76
172.001
-121.306
-36.6601
-45.1903
-190.86
-28.1299
-18.9436
78.8255
59.1404
87.3556
127.382
127.382
-41.9094
-58.3136
-127.211
-194.797
-108.839
-38.6286
-13.0381
51.9226
73.5761
86.6995
76.857
31.5814
-12.3819
-35.3478
-4.50787
36.8307
-66.8438
-137.054
98.5105
8.61548
82.1063
41.4239
-22.8806
-72.0932
88.668
15.1772
94.5735
-9.10105
19.7703
34.8622
-0.570865
15.1772
-271.568
-8.44488
-63.563
-5.16404
-3.8517
62.4213
57.8281
65.7021
-30.0984
86.0433
67.0144
-1.22703
-18.9436
-43.2218
-70.1247
-53.0643
-86.5289
-85.2165
20.4265
-24.1929
62.4213
112.946
120.164
29.6129
-85.8727
-63.563
-45.1903
19.7703
-71.437
-45.1903
-10.4134
5.99081
-59.626
24.3635
13.2087
54.5472
91.2926
-26.8176
-8.44488
59.1404
109.009
-76.6863
-70.7808
-131.148
-17.6312
-39.2848
40.1115
71.6076
110.978
120.164
-104.245
49.9541
-11.7257
7.30315
24.3635
55.8596
101.135
71.6076
-42.5656
-57.0013
-91.7782
-96.3714
-93.0905
-108.839
-21.5682
77.5131
98.5105
168.72
112.946
40.7677
67.6706
-0.570865
-59.626
-116.713
-106.214
-175.112
-51.752
-63.563
6.64698
28.9567
108.353
10.584
76.857
85.3871
47.9856
0.741471
30.9252
-26.8176
-13.0381
-167.894
-91.7782
-76.0302
44.7047
131.319
193.655
51.9226
178.563
19.1142
55.2034
1.39764
-99.6522
-129.18
-114.744
-119.337
-33.3793
-84.5604
-22.2244
107.697
165.44
164.127
136.568
51.2664
24.3635
-171.831
-151.49
-133.117
-86.5289
6.64698
2.70997
79.4816
94.5735
182.5
-74.0617
105.728
-10.4134
-60.9383
-26.1614
-103.589
-97.0276
-85.2165
-23.5367
113.602
-9.10105
5.33465
129.35
72.2638
97.1982
67.6706
-16.3189
-9.10105
-131.148
-59.626
-280.755
-129.836
-8.44488
-7.78871
128.038
145.098
