3.93
4.58
4.8
5.07
5.14
4.94
4.94
4.77
4.77
4.75
4.6
4.71
4.6
4.58
4.58
4.54
4.61
4.72
4.76
4.52
4.6
4.28
3.87
4.03
3.74
3.72
4.08
4.13
4.05
3.88
3.84
3.85
3.94
4.07
3.92
3.56
3.77
3.9
3.85
3.71
3.98
4.43
4.88
4.79
4.93
5.06
5.09
5
4.76
4.95
4.9
4.89
4.88
4.9
4.91
4.78
4.66
4.86
4.82
4.68
4.6
4.53
4.6
4.4
3.93
3.8
3.97
3.96
3.75
3.92
4.01
4.51
4.59
4.62
4.62
4.42
4.22
3.87
4.1
4.45
4.67
4.82
4.81
4.73
4.91
4.77
4.74
4.89
4.9
4.64
4.57
4.5
4.05
3.98
4.11
4.3
4.42
4.52
4.4
4.31
4.22
4.31
4.08
3.81
4.07
3.69
3.73
3.25
3.6
3.81
4.6
5.27
5.16
5.06
4.68
4.82
4.87
4.73
4.8
4.64
4.54
4.59
4.59
4.45
4.47
4.41
4.29
4.2
3.95
3.85
3.88
3.71
3.49
3.5
3.45
3.64
4.01
4.53
4.99
4.69
4.4
4.41
4.58
4.63
4.68
4.63
4.66
4.39
4.63
4.58
4.48
4.41
4.4
4.31
4.17
4.06
4.03
3.89
3.79
3.79
3.84
3.89
3.89
3.85
3.77
3.78
4.01
4.18
4.23
4.28
4.2
4.22
3.96
4.07
4.1
4.28
4.62
4.42
4.31
4.32
4.5
4.6
4.6
4.55
4.34
4.09
3.85
3.74
3.63
3.63
3.71
4.04
4.41
4.26
4.07
4.16
4.1
4.29
4.07
4.11
3.98
3.81
3.71
3.76
4.01
4.51
5.03
4.98
4.77
4.95
5.02
4.95
4.82
4.83
4.84
4.78
4.81
4.78
4.7
4.66
4.7
4.41
4.62
4.41
4.41
4.31
4.26
4.2
4.07
3.91
3.98
4.07
4.25
4.27
4.27
4.45
4.69
4.79
4.92
4.77
4.39
4.36
4.3
4.32
4.34
4.36
4.33
4.66
4.76
4.72
4.64
4.67
4.51
4.38
4.45
4.6
4.24
4.02
3.83
3.71
3.73
3.95
4.61
4.64
4.71
4.65
4.67
4.34
4.19
3.95
4.14
4.12
4.06
4.06
4.09
4.12
3.98
3.86
3.87
3.82
3.71
3.94
3.83
3.66
3.72
3.83
4
4.49
4.62
5.06
5.01
4.92
4.79
4.75
4.7
4.62
4.62
4.37
4.29
4.27
4.18
4.29
4.48
4.52
4.61
4.49
4.46
4.2
4.26
4.03
3.83
3.91
3.97
3.65
3.36
3.46
3.57
3.82
4.18
4.52
4.46
4.24
4.27
4.08
4.09
4.14
4.13
4.08
4.2
4.12
3.98
4.04
4.3
4.15
4.31
4.17
4.07
3.9
3.99
3.95
3.85
4.01
4.41
4.57
4.51
4.39
4.3
4.27
4.37
4.37
4.39
4.06
3.61
3.48
3.44
3.44
3.55
3.74
3.95
4.07
4.06
4.2
4.16
4.2
4.26
4.43
4.22
4.09
3.93
3.79
4.26
4.62
4.26
4.61
4.62
4.42
4.53
4.2
4.17
4.15
4
3.96
3.98
3.97
3.74
3.74
3.69
3.83
3.9
3.93
3.88
3.88
3.93
4.1
4.05
3.94
3.93
4.02
4.19
4.29
4.52
4.55
4.47
4.43
4.39
4.28
4.07
4.06
3.78
3.56
3.53
3.42
3.04
3.78
4.25
4.35
4.25
4.16
4.06
4.17
4.21
3.98
3.93
3.85
3.67
3.86
4.11
4.38
4.3
4.24
4.34
4.27
4.26
4.18
4.06
3.93
3.8
3.74
3.84
4.17
4.17
4.24
4.35
4.35
4.33
4.32
4.23
3.56
3.74
3.43
3.57
3.91
3.84
4.15
4.02
4.3
4.34
4.39
4.28
4.17
4.2
3.77
3.84
3.76
3.77
3.53
3.5
3.69
3.8
4.05
4.05
4.27
4.41
4.24
4.24
3.97
3.87
3.75
3.38
3.47
3.4
3.43
3.43
3.75
4.34
4.24
4.12
4.17
3.6
3.45
3.52
3.52
3.51
3.53
3.5
3.44
3.57
3.78
4.07
4.25
4.17
4.36
4.2
3.78
3.88
3.75
3.79
3.92
4.17
4.35
4.51
4.53
4.37
4.06
3.92
3.84
3.77
3.82
3.93
3.92
3.58
3.9
4.45
4.22
4.12
4.14
4.1
3.91
3.79
3.83
4.09
3.81
3.73
3.61
3.52
3.48
3.52
3.76
3.77
3.81
3.79
3.79
3.7
3.74
4.02
3.59
3.62
3.95
4.16
4.34
4.22
4.3
4.27
4.2
4.25
4.09
4.04
3.82
3.77
3.75
4.16
3.93
3.99
4.11
4.39
4.52
4.42
4.44
4.17
4.13
3.88
3.91
4.08
4.13
4.03
4.09
4.06
3.89
4.01
4.04
4.17
4.36
4.47
4.49
4.4
4.05
3.93
3.74
3.66
3.43
3.46
3.65
3.96
4.03
4.15
4.22
4.32
4.24
4.23
4.05
3.85
3.89
3.74
3.78
3.97
4.1
3.75
3.66
3.85
3.98
4.16
3.96
3.98
3.85
3.71
3.88
4.05
4.14
4.13
3.95
3.7
3.8
3.9
4.07
4.28
4.49
4.41
4.33
4.22
4.1
3.98
4.03
4.07
4.12
4.16
4.16
4.07
4.12
3.92
3.9
3.83
3.84
3.77
3.7
3.56
3.64
3.77
3.79
3.95
4.18
4.31
4.2
4.25
4.13
3.97
3.87
3.88
3.75
3.52
3.43
3.7
4.01
4.26
4.05
4.23
3.91
3.75
3.72
3.65
3.53
3.42
3.43
3.58
3.8
3.63
3.69
4.03
3.98
3.95
4
4.09
4.11
3.78
3.8
3.67
3.97
4.12
4.27
4.06
4.13
4.25
4.51
4.49
4.4
4.3
4.18
4.23
4.1
3.95
3.8
3.77
3.77
3.69
3.6
3.71
4.14
4.18
4.01
3.97
3.59
3.47
3.65
4.44
4.49
4.41
4.32
4.33
4.26
4.24
4.09
4
3.91
3.82
3.68
3.7
3.6
3.67
3.52
3.85
4.16
4.1
3.99
4.14
4.06
4.13
3.93
3.69
3.95
3.74
3.59
3.47
3.77
3.6
4.01
3.97
4.06
4.02
3.95
3.86
3.67
3.57
3.52
3.64
3.46
3.64
3.7
3.61
3.51
3.6
3.61
3.8
3.84
3.82
3.96
3.63
3.72
3.57
3.7
3.79
3.77
3.58
3.51
3.49
3.44
3.5
3.48
3.3
3.44
3.48
3.36
3.07
3.84
3.8
3.84
3.84
3.78
3.67
3.74
3.93
3.98
3.92
3.82
3.7
3.69
3.68
3.69
3.87
3.83
3.78
3.84
3.88
3.7
3.65
3.71
3.81
3.64
3.58
3.39
3.59
3.5
3.66
4.12
4.48
4.53
4.2
4.18
3.64
3.81
3.56
3.66
3.49
3.57
3.32
3.48
3.92
4.18
4.56
4.47
4.39
4.3
4.22
4.13
4.05
3.96
3.87
3.79
3.7
3.62
3.64
3.97
4.44
4.41
4.38
3.96
4.23
3.91
4.53
3.13
3.53
3.66
3.71
3.73
3.87
3.74
3.64
3.6
3.56
3.51
3.47
3.46
3.52
3.33
3.49
3.83
3.73
4.02
