0.0045
0.016
-0.0028
-0.0157
-0.0443
-0.0232
-0.0065
-0.008
0.0052
-0.0052
-0.0283
-0.0087
-0.002
-0.008
-0.0065
-0.029
0.018
0.003
-0.017
0
-0.0185
-0.0055
0.0148
-0.0053
0.0265
-0.029
0.001
-0.0015
0.0137
-0.0137
-0.0023
0.0008
0.0055
-0.0025
-0.0125
0.004
0.026
0.007
0.021
-0.007
0.0395
-0.004
-0.0255
-0.0137
0.0037
0.006
0.0025
0.0095
-0.0025
-0.01
-0.002
-0.0255
-0.0085
0.0055
0
0
-0.0248
0.0028
-0.0005
0
-0.0113
0.0418
-0.0005
-0.0075
0.0055
0.013
-0.0165
0.002
0
-0.009
0.019
0
-0.008
-0.0245
0.018
0.024
-0.0225
-0.023
0.003
-0.0295
-0.033
-0.0055
-0.0139
0.0104
0.0032
-0.0117
-0.007
-0.0035
-0.007
0.001
-0.001
0.0285
-0.0035
0.004
0.007
0.0012
0.0028
-0.0202
-0.0098
-0.0075
0.0195
0.0075
0.0015
0.0045
-0.007
0.0005
-0.013
-0.002
0.003
-0.001
-0.001
0.0115
0.0045
0.0245
0.0175
-0.0025
-0.0055
0
-0.0085
0.0155
0
0.004
0.012
0.0185
-0.0078
0.0023
-0.0065
-0.0005
0.013
0
0
0.034
-0.0065
-0.0105
-0.017
0.014
0.003
-0.006
0.0125
0.0262
0.0143
-0.012
-0.006
0
-0.0025
0
0.001
-0.0035
0.004
0.0025
-0.038
0.0075
-0.0095
-0.0085
0.0135
-0.0045
-0.002
0.01
0.0145
-0.014
-0.0065
0.007
0.003
0.0095
0.006
0
-0.0095
-0.0105
-0.0015
-0.02
0.003
-0.003
-0.004
0.0035
0.0055
0.0015
-0.0035
-0.0175
0.0105
-0.0185
-0.008
-0.0105
-0.0065
-0.0035
0.008
0.0165
0.01
-0.009
0.0145
0.0015
0.0015
-0.0005
-0.0185
0.0025
-0.013
-0.0045
0.019
0.005
-0.013
-0.0125
0.023
0.0025
0.012
-0.008
-0.0065
0.0015
-0.0085
0
-0.005
-0.004
0.0015
0.017
0.001
-0.011
0.003
0
-0.014
-0.008
-0.0115
-0.002
0.0245
0.0035
0.0255
-0.0075
0.007
-0.0095
-0.006
-0.014
0.03
-0.0115
0
-0.014
0.0165
-0.003
0.024
0.01
0.006
0
0.011
-0.0035
-0.004
0.001
0.0065
-0.0205
0.004
-0.004
-0.0105
-0.001
-0.0145
-0.004
0.01
0.0025
-0.001
-0.015
0.0085
0.01
0
0.0105
-0.0035
0.0125
-0.004
0.002
-0.0115
-0.0095
0
-0.015
-0.006
0
-0.0045
-0.014
0.013
-0.006
0
0.009
-0.0022
-0.0068
0.002
-0.0025
0
0.007
-0.006
-0.0128
0.0073
0.0037
0.0008
0.011
-0.0075
-0.006
0.0013
-0.0068
0.004
0.0044
0.0081
-0.0017
-0.0061
0.0088
-0.0041
-0.0044
0.0012
0.0076
0.0102
-0.008
0.0043
-0.0005
-0.0007
-0.0042
0.0011
-0.009
0.0065
0.002
-0.0055
0.0035
0.0055
0.009
-0.0035
0
0
-0.009
-0.0145
0.001
0
0.0055
0.0035
-0.0015
0.0075
0.0029
-0.0049
0.0125
-0.0065
-0.0045
-0.0005
0.005
-0.0045
0.0076
-0.0046
-0.0009
-0.0011
0.0005
0.0005
0.006
0.0005
0.002
-0.0065
-0.0025
-0.012
0.001
-0.0101
-0.0105
0.0011
0.0022
0.0058
0.004
0.0005
0.001
0.003
-0.0047
0.0037
-0.0007
0.0067
0.003
0.001
-0.003
0.0092
0.0023
-0.0052
-0.0002
-0.0041
0.0041
0.0089
0.0015
-0.008
-0.0021
0.0006
0.002
-0.0036
-0.0068
0.0024
0.008
0.001
0.0025
-0.0015
-0.0085
-0.0059
0.0068
0
0
-0.026
0.0062
0.001
0.0064
-0.0044
0.003
0.002
-0.0002
-0.0046
0.0004
0.0048
0.0086
0.0096
-0.0074
0.0042
0.0122
0.0014
0.001
0.0072
0
-0.0002
-0.0146
-0.001
-0.0048
0.0028
-0.0044
-0.0012
0.0094
-0.0012
0.005
0.0009
0.0035
-0.0004
0.0012
-0.0038
0.0006
0.0034
0.0016
-0.0016
0
0.0024
0.0056
-0.0084
-0.003
0.003
-0.0026
-0.0004
0.001
0.002
0.011
-0.0006
0.0006
0.0004
0.011
0.0066
0.0028
-0.0094
0.011
0.009
-0.002
0.0025
-0.0049
0.0009
-0.0085
-0.0014
0.0019
0.0101
-0.008
0.0044
0.0186
0.0084
-0.008
-0.0062
-0.0002
0.0034
-0.011
-0.003
-0.0084
-0.0086
0.0002
-0.0072
0.0057
0.0033
0.0065
-0.0033
0.0015
0.0017
-0.0004
0.0026
0.0004
-0.0032
-0.001
0.0018
0.0054
-0.003
-0.001
-0.0014
0.004
0.0062
0.002
0.0012
-0.0004
-0.0006
-0.0155
0
-0.0015
0.0004
0.008
0.0022
0.0018
0.0008
-0.0022
-0.003
0.0074
0.0194
-0.0074
0.005
-0.0044
0.0202
-0.0172
0.0076
0.0036
-0.0012
0.0056
-0.0072
0.0026
-0.0022
0.0048
-0.005
0.0034
0
0.008
0.001
0.0035
-0.0045
-0.0092
0.0042
-0.001
0.0135
0.0165
0.0014
0.006
0.0036
0.005
0.0024
0.0071
-0.0023
0.0042
-0.0186
0.0162
-0.004
0.0036
-0.0226
-0.001
0.0044
0.0056
-0.0154
-0.0066
0
-0.0112
-0.0044
-0.0124
0.006
-0.01
-0.001
0.003
0.003
-0.0106
0.0016
0.0002
0.0013
0.0027
-0.0022
-0.006
0.0004
0.0006
0.004
-0.0012
-0.0032
0.0042
-0.0038
0.001
0.001
0.0006
-0.0016
-0.0014
0
-0.013
0
0
0
-0.0036
0.016
0.007
0
-0.0028
-0.0038
0.0032
-0.0106
0.005
0.0004
-0.0002
0.014
-0.0042
0.0026
-0.004
0.0094
0
0.012
0.0082
0.0008
-0.0044
0
-0.0036
0.0054
-0.0148
0.0024
0.0004
-0.0176
-0.0042
-0.0024
-0.0046
0.0034
0.0054
0.0014
-0.0058
0.0036
0.017
-0.0018
0.0062
0
0.005
0.005
-0.002
-0.007
0.0006
0.0008
0.0072
0.0284
0.005
0.01
-0.0195
-0.0005
-0.0316
0.0134
-0.0108
0.013
-0.0136
-0.0034
-0.0048
0.008
0.0038
0.0028
-0.0003
0.0057
0.008
0.0032
-0.0101
0.0256
-0.0073
-0.014
0.0064
-0.0034
-0.004
-0.008
0
-0.0026
0.019
0
0
0.0032
0.0038
-0.008
-0.0026
0.0102
-0.0006
-0.0038
0.0028
-0.007
0.0096
-0.0054
0.0036
0.0007
-0.0187
0
-0.0118
-0.0044
-0.028
0.0174
-0.004
0.0018
-0.0008
-0.0055
0.0105
-0.0006
-0.0048
0.0078
0.0278
0.0008
0
-0.0032
-0.0148
0.0141
-0.0138
0.0091
-0.0054
0.0026
0.0006
0.0006
0.002
-0.0012
0.0136
-0.0126
0.011
-0.0082
0.0046
0.0016
0.0038
-0.0036
-0.0203
-0.0003
-0.0106
0.019
-0.003
0.007
-0.0006
-0.001
0.0034
-0.0038
-0.0052
-0.0002
0.002
0.0074
-0.0046
0.0004
0.002
-0.0004
-0.0002
-0.0028
0.004
-0.009
0.0066
0.0014
0.0038
-0.0024
0.0016
0.0016
0.006
0
-0.0048
-0.0022
0.001
-0.012
-0.0116
-0.004
-0.0179
-0.0041
-0.0124
0.0042
-0.003
-0.0042
0.0058
0.0004
-0.0002
0
0.003
0.0026
0.0044
0.0016
-0.0012
0.005
-0.0074
-0.0008
-0.0004
-0.0004
0.008
-0.009
0.005
-0.0002
-0.0046
-0.0016
0.0078
0.0192
0.0044
-0.0064
0.0012
0.0044
0.0038
0.001
0.0096
-0.0094
0.0008
0.0046
-0.0036
0.0018
-0.007
-0.0056
0.0008
0
0.0018
-0.0018
-0.0034
0.003
0.0024
0.004
0
-0.0004
-0.0006
0.0002
0.0002
0.0026
-0.0024
0.0024
-0.0024
0.0004
0
0.002
-0.0018
-0.0042
-0.022
0.005
0.001
-0.002
-0.0066
-0.0016
0.0092
0.0044
0.0006
-0.004
-0.007
-0.0028
-0.0138
-0.0054
0.005
-0.0014
0.008
0.0008
-0.0066
-0.0032
0.0016
-0.0046
0.002
0.01
-0.0048
0.0026
0.0016
-0.0046
0.0016
0.0024
0
0
0.0192
-0.0148
0.0082
0
0
-0.0018
-0.0046
0.0054
-0.0018
-0.0036
-0.0014
-0.0018
0.005
-0.0028
-0.0086
-0.0078
-0.0078
-0.0134
0.004
-0.0008
-0.0018
-0.0054
-0.0014
0.0028
0
0.007
-0.0004
0.0076
0.018
0.0018
-0.0036
0.0006
-0.0048
-0.0012
0.0034
0.0032
0.0004
0.0114
-0.0038
-0.0018
-0.0012
0.0004
-0.0018
-0.0006
-0.0004
-0.0068
-0.0014
-0.0044
0.0014
0
0.0002
0.0014
-0.009
0.0026
-0.0026
0.0018
0.0002
0.001
0.0046
0.004
0.005
-0.0018
-0.0022
-0.0106
0.001
-0.006
0.0056
0.0022
-0.0008
-0.001
0.0016
0.004
0
0
-0.0054
-0.0152
0.0036
-0.0006
-0.003
-0.0022
0.0008
0.0048
0.0042
-0.0046
0.0042
-0.0032
-0.001
-0.002
-0.001
-0.0054
-0.0094
0.0066
0.0032
0
0.008
0.01
-0.0002
0.0004
-0.0076
0
-0.0016
0
0.0016
-0.0026
-0.001
-0.001
0.0026
-0.0018
0
0.0018
0.008
0.0134
0.0172
-0.0002
-0.004
0.0004
-0.0068
0.0002
-0.0092
0.002
0.0012
-0.0036
0.0044
0.0092
-0.0016
-0.0002
-0.0014
-0.0042
0.0024
0
0.0014
0.0038
0.0078
0.002
0.0028
0.001
-0.001
-0.005
-0.0001
-0.0029
0.0006
0.005
-0.0026
-0.0028
0.0092
-0.0158
0.0032
0.0004
0.0036
0.0004
0.0012
0.0056
-0.003
0.0016
-0.0009
0.0002
0.0013
-0.0148
0.0018
-0.0064
0.0042
0.0074
-0.0002
